// These parameters are obtained from DSENT with FLOV router configuration

// 32 nm technology node, HVT library
energy_per_buffwrite = 3.38124e-12;
energy_per_buffread = 3.1597e-12;
energy_traverse_xbar = 1.17159e-12;
energy_per_arbitratestage1 = 4.48458e-14;
energy_per_arbitratestage2 = 7.3377e-14;
energy_distribute_clk = 5.55204e-13;
energy_rr_link_traversal = 4.14666e-12;
energy_rs_link_traversal = 7.9628124e-14;
input_leak = 0.00154895;
switch_leak = 8.49619e-05;
xbar_leak = 0.000349489;
xbar_sel_dff_leak = 5.27226e-06;
clk_tree_leak = 4.72843e-06;
pipeline_reg0_leak = 3.51484e-07;
pipeline_reg1_leak = 3.51484e-07;
pipeline_reg2_part_leak = 3.51484e-07;
rr_link_leak = 1.09052e-05;
rs_link_leak = 1.09052e-05;
frequency = 2.0e+9;

// 22 nm technology node, LVT library
energy_per_buffwrite = 2.25473e-13;
energy_per_buffread = 1.73601e-13;
energy_traverse_xbar = 1.39089e-13;
energy_per_arbitratestage1 = 3.49684e-15;
energy_per_arbitratestage2 = 3.37796e-14;
energy_distribute_clk = 3.2851e-13;
energy_rr_link_traversal = 7.54642e-13;
energy_rs_link_traversal = 8.65783e-15;
input_leak = 0.000456482;
switch_leak = 0.00017801;
xbar_leak = 0.000312279;
xbar_sel_dff_leak = 1.80856e-05;
clk_tree_leak = 7.59597e-06;
pipeline_reg0_leak = 1.20571e-06;
pipeline_reg1_leak = 1.20571e-06;
pipeline_reg2_part_leak = 1.20571e-06;
rr_link_leak = 7.71654e-06;
rs_link_leak = 7.71654e-06;
frequency = 2.0e+9;

// 32 nm techonology node, LVT library
energy_per_buffwrite = 3.38124e-12;
energy_per_buffread = 3.1597e-12;
energy_traverse_xbar = 1.19228e-12;
energy_per_arbitratestage1 = 4.48458e-14;
energy_per_arbitratestage2 = 7.3377e-14;
energy_distribute_clk = 5.35297e-13;
energy_rr_link_traversal = 4.14666e-12;
energy_rs_link_traversal = 7.9628124e-14;
input_leak = 0.00619607;
switch_leak = 0.000339912;
xbar_leak = 0.00139742;
xbar_sel_dff_leak = 2.10918e-05;
clk_tree_leak = 1.61952e-05;
pipeline_reg0_leak = 1.40612e-06;
pipeline_reg1_leak = 1.40612e-06;
pipeline_reg2_part_leak = 1.40612e-06;
rr_link_leak = 4.436417e-05;
rs_link_leak = 4.436417e-05;
frequency = 2.0e+9;

// 45 nm technology node, LVT library
energy_per_buffwrite = 8.54372e-13;
energy_per_buffread = 6.83154e-13;
energy_traverse_xbar = 5.47529e-13;
energy_per_arbitratestage1 = 1.38384e-14;
energy_per_arbitratestage2 = 1.3333e-13;
energy_distribute_clk = 3.16999e-13;
energy_rr_link_traversal = 1.29159e-12;
energy_rs_link_traversal = 3.63293e-14;
input_leak = 0.000628598;
switch_leak = 0.000277782;
xbar_leak = 0.000422101;
xbar_sel_dff_leak = 2.44238e-05;
clk_tree_leak = 7.59597e-06;
pipeline_reg0_leak = 1.62825e-06;
pipeline_reg1_leak = 1.62825e-06;
pipeline_reg2_part_leak = 1.62825e-06;
rr_link_leak = 1.38678e-05;
rs_link_leak = 1.3868e-05;
frequency = 2.0e+9;
